id:2
dataInicio:41324.5391565625
dataFim:41324.5396733565
descricao:Humedad ambiente baja
