id:2
dataInicio:41324.5544802315
dataFim:41324.5548021644
descricao:Humedad ambiente baja
