id:2
dataInicio:41324.5560321065
dataFim:41324.5562283796
descricao:Humedad ambiente baja
