id:2
dataInicio:41324.6071994792
dataFim:41324.6187142477
descricao:Humedad ambiente baja
