id:2
dataInicio:41324.6194225694
dataFim:41324.6204622106
descricao:Humedad ambiente baja
