id:1
dataInicio:41327.372894537
dataFim:41327.373301875
descricao:Humedad ambiente baja
