id:1
dataInicio:41327.3777758681
dataFim:41327.3779665278
descricao:Humedad ambiente baja
