id:1
dataInicio:41327.3833084606
dataFim:41327.3849060185
descricao:Humedad ambiente baja
