id:1
dataInicio:41327.3851578935
dataFim:41327.3892918982
descricao:Humedad ambiente baja
