id:1
dataInicio:41327.389519213
dataFim:41327.390039213
descricao:Humedad ambiente baja
