id:1
dataInicio:41327.4152271296
dataFim:41327.415861412
descricao:Humedad ambiente baja
