id:1
dataInicio:41327.4160959606
dataFim:41327.4161912963
descricao:Humedad ambiente baja
