id:1
dataInicio:41327.4163391667
dataFim:41327.416391169
descricao:Humedad ambiente baja
