id:1
dataInicio:41327.4164783796
dataFim:41327.4183460417
descricao:Humedad ambiente baja
