id:1
dataInicio:41327.4193721412
dataFim:41327.4200669213
descricao:Humedad ambiente baja
