id:1
dataInicio:41327.4214570255
dataFim:41327.4221604745
descricao:Humedad ambiente baja
