id:1
dataInicio:41327.4249227894
dataFim:41327.4251047917
descricao:Humedad ambiente baja
