id:1
dataInicio:41327.481665544
dataFim:41327.4935694097
descricao:Humedad ambiente baja
