id:1
dataInicio:41327.5114399306
dataFim:41327.5121431944
descricao:Humedad ambiente baja
