id:1
dataInicio:41327.5111622338
dataFim:41327.5113355671
descricao:Humedad ambiente baja
