id:1
dataInicio:41327.5121868866
dataFim:41327.5122128935
descricao:Humedad ambiente baja
