id:1
dataInicio:41327.5125871875
dataFim:41327.5127258565
descricao:Humedad ambiente baja
