id:1
dataInicio:41327.5127695486
dataFim:41327.5153401157
descricao:Humedad ambiente baja
