id:1
dataInicio:41327.5154271528
dataFim:41327.5181448727
descricao:Humedad ambiente baja
