id:1
dataInicio:41327.5181885648
dataFim:41327.5454620718
descricao:Humedad ambiente baja
