id:1
dataInicio:41327.5480068287
dataFim:41327.5504286227
descricao:Humedad ambiente baja
