id:1
dataInicio:41327.5505156481
dataFim:41327.5512622569
descricao:Humedad ambiente baja
