id:1
dataInicio:41327.5513507292
dataFim:41327.5592256713
descricao:Humedad ambiente baja
