id:1
dataInicio:41327.5595640278
dataFim:41327.5597732986
descricao:Humedad ambiente baja
