id:1
dataInicio:41327.5604595833
dataFim:41327.5609275926
descricao:Humedad ambiente baja
