id:1
dataInicio:41327.5612152083
dataFim:41327.5629339236
descricao:Humedad ambiente baja
