id:1
dataInicio:41327.5656000116
dataFim:41327.5657646759
descricao:Humedad ambiente baja
