id:1
dataInicio:41327.5829911574
dataFim:41327.5832078241
descricao:Humedad ambiente baja
