id:1
dataInicio:41328.4100488194
dataFim:41328.4563543519
descricao:Humedad ambiente baja
