id:1
dataInicio:41328.4629833681
dataFim:41328.4652404861
descricao:Temperatura ambiente alta
