id:2
dataInicio:41328.4720839236
dataFim:41328.4862997222
descricao:Temperatura ambiente alta
