id:2
dataInicio:41328.4868560069
dataFim:41328.4879249074
descricao:Temperatura ambiente alta
