id:2
dataInicio:41328.494163287
dataFim:41328.4969936806
descricao:Temperatura ambiente alta
