id:2
dataInicio:41323.3566977546
dataFim:41323.4437128935
descricao:Humedad ambiente alta
