id:2
dataInicio:41323.4451197801
dataFim:41323.4452497801
descricao:Humedad ambiente alta
