id:2
dataInicio:41323.5262204398
dataFim:41323.5263470718
descricao:Humedad ambiente baja
