id:2
dataInicio:41323.5287879861
dataFim:41323.5315628125
descricao:Humedad ambiente baja
