id:2
dataInicio:41323.5318869097
dataFim:41323.5321442014
descricao:Humedad ambiente baja
