id:2
dataInicio:41323.5322738426
dataFim:41323.5347909722
descricao:Humedad ambiente baja
