id:1
dataInicio:41326.3335190625
dataFim:41326.3336317245
descricao:Humedad ambiente alta
