id:1
dataInicio:41326.4704659954
dataFim:41326.4919133218
descricao:Humedad ambiente baja
