id:1
dataInicio:41326.4769788194
dataFim:41326.4786713542
descricao:Temperatura ambiente alta
