id:1
dataInicio:41326.4919571991
dataFim:41326.4920785301
descricao:Humedad ambiente baja
