id:1
dataInicio:41326.4921395602
dataFim:41326.4941455324
descricao:Humedad ambiente baja
