id:1
dataInicio:41326.4994251736
dataFim:41326.5056855787
descricao:Humedad ambiente baja
