id:1
dataInicio:41326.5146985648
dataFim:41326.5482834028
descricao:Humedad ambiente baja
