id:1
dataInicio:41326.5250832407
dataFim:41326.5315339583
descricao:Temperatura ambiente alta
