id:1
dataInicio:41326.5670651852
dataFim:41326.5746792361
descricao:Humedad ambiente baja
