id:1
dataInicio:41326.5829024653
dataFim:41326.5829544676
descricao:Humedad ambiente baja
