id:1
dataInicio:41326.5832408333
dataFim:41326.5884336111
descricao:Humedad ambiente baja
