id:1
dataInicio:41326.5971940046
dataFim:41326.5972026736
descricao:Humedad ambiente baja
