id:1
dataInicio:41326.5973778125
dataFim:41326.5974904745
descricao:Humedad ambiente baja
