id:1
dataInicio:41326.5972387847
dataFim:41326.5973427894
descricao:Humedad ambiente baja
