id:1
dataInicio:41326.5979949537
dataFim:41326.602996169
descricao:Humedad ambiente baja
