id:1
dataInicio:41326.6122783681
dataFim:41326.612287037
descricao:Humedad ambiente baja
