id:1
dataInicio:41326.612531331
dataFim:41326.6139553704
descricao:Humedad ambiente baja
