id:1
dataInicio:41326.6144670602
dataFim:41326.6148929977
descricao:Humedad ambiente baja
