id:1
dataInicio:41326.8426723495
dataFim:41326.9999831019
descricao:Humedad ambiente alta
