id:1
dataInicio:41327.0000017014
dataFim:41327.3098245602
descricao:Humedad ambiente alta
