id:1
dataInicio:41327.310180625
dataFim:41327.3105466088
descricao:Humedad ambiente alta
