id:3
dataInicio:41326.3471084144
dataFim:41326.7881990046
descricao:Temperatura del bulbo húmedo alta
