id:3
dataInicio:41326.7883295486
dataFim:41326.7885474769
descricao:Temperatura del bulbo húmedo alta
