id:3
dataInicio:41326.7890942014
dataFim:41326.7909528472
descricao:Temperatura del bulbo húmedo alta
