id:3
dataInicio:41326.7914224769
dataFim:41326.792099919
descricao:Temperatura del bulbo húmedo alta
