id:3
dataInicio:41326.7952168519
dataFim:41326.7956689699
descricao:Temperatura del bulbo húmedo alta
