id:3
dataInicio:41326.7961732639
dataFim:41326.7967712616
descricao:Temperatura del bulbo húmedo alta
