id:3
dataInicio:41326.7975108218
dataFim:41326.7979268171
descricao:Temperatura del bulbo húmedo alta
