id:3
dataInicio:41326.8542633218
dataFim:41326.8557306944
descricao:Humedad ambiente alta
