id:3
dataInicio:41326.856477662
dataFim:41326.9999831019
descricao:Humedad ambiente alta
