id:3
dataInicio:41327.0000017014
dataFim:41327.3089295486
descricao:Humedad ambiente alta
