id:3
dataInicio:41327.3095726852
dataFim:41327.3097980208
descricao:Humedad ambiente alta
