id:3
dataInicio:41327.3099639583
dataFim:41327.3102239583
descricao:Humedad ambiente alta
