id:5
dataInicio:41318.6321165046
dataFim:41318.7074706019
descricao:Temperatura ambiente alta
