id:5
dataInicio:41318.7171814352
dataFim:41318.7171814352
descricao:Humedad ambiente alta
