id:5
dataInicio:41318.7167926968
dataFim:41318.7170503472
descricao:Humedad ambiente alta
