id:5
dataInicio:41318.7173780556
dataFim:41319.3458027662
descricao:Humedad ambiente alta
