id:5
dataInicio:41319.2643623148
dataFim:41319.2692526736
descricao:Temperatura ambiente baja
