id:3
dataInicio:41323.3566977546
dataFim:41323.3623224537
descricao:Humedad ambiente alta
