id:3
dataInicio:41323.3629652315
dataFim:41323.3634162616
descricao:Humedad ambiente alta
