id:3
dataInicio:41323.3784043866
dataFim:41323.37872
descricao:Humedad ambiente alta
