id:3
dataInicio:41323.3796106829
dataFim:41323.3798649074
descricao:Humedad ambiente alta
