id:3
dataInicio:41323.3801216551
dataFim:41323.3805065972
descricao:Humedad ambiente alta
