id:3
dataInicio:41323.3808868519
dataFim:41323.3829896065
descricao:Humedad ambiente alta
