id:3
dataInicio:41323.3831820718
dataFim:41323.383243831
descricao:Humedad ambiente alta
