id:3
dataInicio:41323.3836275116
dataFim:41323.3846449421
descricao:Humedad ambiente alta
