id:3
dataInicio:41323.3860440625
dataFim:41323.4174893171
descricao:Humedad ambiente alta
