id:3
dataInicio:41323.5257726736
dataFim:41323.5257726736
descricao:Humedad ambiente baja
