id:1
dataInicio:41324.5741364236
dataFim:41324.6317030556
descricao:Temperatura ambiente alta
