id:1
dataInicio:41325.3727673148
dataFim:41325.4696689236
descricao:Temperatura ambiente alta
