id:1
dataInicio:41325.4368205787
dataFim:41325.444097338
descricao:Humedad ambiente baja
