id:1
dataInicio:41325.4442862037
dataFim:41325.4447892361
descricao:Humedad ambiente baja
