id:1
dataInicio:41325.4456098611
dataFim:41325.4456098611
descricao:Humedad ambiente baja
