id:1
dataInicio:41325.4499583681
dataFim:41325.4500210185
descricao:Humedad ambiente baja
