id:1
dataInicio:41325.4507123727
dataFim:41325.4507123727
descricao:Humedad ambiente baja
