id:1
dataInicio:41325.4509638773
dataFim:41325.4514667361
descricao:Humedad ambiente baja
