id:1
dataInicio:41325.451592581
dataFim:41325.451592581
descricao:Humedad ambiente baja
