id:1
dataInicio:41325.4535447454
dataFim:41325.453608669
descricao:Humedad ambiente baja
