id:1
dataInicio:41325.4558771643
dataFim:41325.4567720023
descricao:Humedad ambiente baja
