id:1
dataInicio:41325.4568980324
dataFim:41325.4568980324
descricao:Humedad ambiente baja
