id:1
dataInicio:41325.4570258681
dataFim:41325.4582196991
descricao:Humedad ambiente baja
