id:1
dataInicio:41325.4583453704
dataFim:41325.4601684375
descricao:Humedad ambiente baja
