id:1
dataInicio:41325.4602942824
dataFim:41325.460545081
descricao:Humedad ambiente baja
