id:1
dataInicio:41325.4609228009
dataFim:41325.4609856366
descricao:Humedad ambiente baja
