id:1
dataInicio:41325.4629968518
dataFim:41325.4644481597
descricao:Humedad ambiente baja
