id:1
dataInicio:41325.4651398611
dataFim:41325.4651398611
descricao:Humedad ambiente baja
