id:1
dataInicio:41325.4658940509
dataFim:41325.4659572454
descricao:Humedad ambiente baja
