id:1
dataInicio:41325.4653910185
dataFim:41325.4655798843
descricao:Humedad ambiente baja
