id:1
dataInicio:41325.4672135532
dataFim:41325.4684714815
descricao:Humedad ambiente baja
