id:1
dataInicio:41325.4687237153
dataFim:41325.4689122222
descricao:Humedad ambiente baja
