id:1
dataInicio:41325.4690400579
dataFim:41325.4694166898
descricao:Humedad ambiente baja
