id:1
dataInicio:41325.4696689236
dataFim:41325.4705475116
descricao:Humedad ambiente baja
