id:1
dataInicio:41325.4826120718
dataFim:41325.4836165046
descricao:Humedad ambiente baja
