id:1
dataInicio:41325.4838051852
dataFim:41325.4848742593
descricao:Humedad ambiente baja
