id:1
dataInicio:41325.4842446644
dataFim:41325.4909662153
descricao:Temperatura ambiente alta
