id:1
dataInicio:41325.488516794
dataFim:41325.4904633681
descricao:Humedad ambiente baja
