id:1
dataInicio:41325.4883913079
dataFim:41325.4883913079
descricao:Humedad ambiente baja
