id:1
dataInicio:41325.494308669
dataFim:41325.4950039815
descricao:Humedad ambiente baja
