id:1
dataInicio:41325.4952571296
dataFim:41325.4952571296
descricao:Humedad ambiente baja
