id:1
dataInicio:41325.4970867014
dataFim:41325.4973374884
descricao:Humedad ambiente baja
