id:1
dataInicio:41325.4975258102
dataFim:41325.4975884606
descricao:Humedad ambiente baja
