id:1
dataInicio:41325.5054493287
dataFim:41325.5063400116
descricao:Temperatura ambiente alta
