id:1
dataInicio:41325.5098599421
dataFim:41325.515737581
descricao:Temperatura ambiente alta
