id:5
dataInicio:41325.5450160532
dataFim:41325.5507862616
descricao:Temperatura ambiente alta
