id:5
dataInicio:41325.6231160417
dataFim:41325.6231160417
descricao:Humedad ambiente alta
