id:2
dataInicio:41325.3722651968
dataFim:41325.4695429051
descricao:Temperatura ambiente alta
