id:2
dataInicio:41325.4365055093
dataFim:41325.4440975231
descricao:Humedad ambiente baja
