id:2
dataInicio:41325.4455466667
dataFim:41325.4476974421
descricao:Humedad ambiente baja
