id:2
dataInicio:41325.4498326968
dataFim:41325.4507751968
descricao:Humedad ambiente baja
