id:2
dataInicio:41325.4534802894
dataFim:41325.453672037
descricao:Humedad ambiente baja
