id:2
dataInicio:41325.4539903588
dataFim:41325.4539903588
descricao:Humedad ambiente baja
