id:2
dataInicio:41325.4541790393
dataFim:41325.4601684375
descricao:Humedad ambiente baja
