id:2
dataInicio:41325.4602942824
dataFim:41325.4607339468
descricao:Humedad ambiente baja
