id:2
dataInicio:41325.4608601505
dataFim:41325.4609856366
descricao:Humedad ambiente baja
