id:2
dataInicio:41325.4615513194
dataFim:41325.4646368403
descricao:Humedad ambiente baja
