id:2
dataInicio:41325.4650768519
dataFim:41325.4661459259
descricao:Humedad ambiente baja
