id:2
dataInicio:41325.4669623958
dataFim:41325.4685352199
descricao:Humedad ambiente baja
