id:2
dataInicio:41325.4686610648
dataFim:41325.4706735417
descricao:Humedad ambiente baja
