id:2
dataInicio:41325.4765165046
dataFim:41325.4769563426
descricao:Humedad ambiente baja
