id:2
dataInicio:41325.477458831
dataFim:41325.4775218403
descricao:Humedad ambiente baja
