id:2
dataInicio:41325.4815431829
dataFim:41325.4822336343
descricao:Humedad ambiente baja
