id:2
dataInicio:41325.484559919
dataFim:41325.4904633681
descricao:Temperatura ambiente alta
