id:2
dataInicio:41325.4852512616
dataFim:41325.4856903704
descricao:Humedad ambiente baja
