id:2
dataInicio:41325.4876365856
dataFim:41325.4879511111
descricao:Humedad ambiente baja
