id:2
dataInicio:41325.4882031713
dataFim:41325.4912803819
descricao:Humedad ambiente baja
