id:2
dataInicio:41325.4922221644
dataFim:41325.4922221644
descricao:Humedad ambiente baja
