id:2
dataInicio:41325.4942452894
dataFim:41325.4953827894
descricao:Humedad ambiente baja
