id:2
dataInicio:41325.4956348495
dataFim:41325.4960179861
descricao:Humedad ambiente baja
