id:2
dataInicio:41325.4981539699
dataFim:41325.4984677662
descricao:Humedad ambiente baja
