id:2
dataInicio:41326.5990190625
dataFim:41326.6008948611
descricao:Temperatura ambiente alta
