id:2
dataInicio:41326.8664208681
dataFim:41326.9999831019
descricao:Temperatura ambiente baja
