id:2
dataInicio:41327.0000017014
dataFim:41327.2847693634
descricao:Temperatura ambiente baja
