id:3
dataInicio:41325.5890900231
dataFim:41325.7861368403
descricao:Temperatura del bulbo húmedo alta
