id:3
dataInicio:41325.7730909606
dataFim:41325.7731082986
descricao:Humedad ambiente alta
