id:3
dataInicio:41325.7748277315
dataFim:41325.7752625116
descricao:Humedad ambiente alta
