id:3
dataInicio:41325.775715162
dataFim:41325.7771652083
descricao:Humedad ambiente alta
