id:3
dataInicio:41325.777382419
dataFim:41325.9999859606
descricao:Humedad ambiente alta
