id:3
dataInicio:41326.0000045602
dataFim:41326.3308858333
descricao:Humedad ambiente alta
