id:3
dataInicio:41326.3309468634
dataFim:41326.3309468634
descricao:Humedad ambiente alta
