id:2
dataInicio:41325.6738574537
dataFim:41325.681733125
descricao:Temperatura ambiente alta
