id:2
dataInicio:41325.8290464931
dataFim:41325.9999859606
descricao:Temperatura ambiente baja
