id:2
dataInicio:41326.0000045602
dataFim:41326.3054785532
descricao:Temperatura ambiente baja
