id:7
dataInicio:41319.6418320833
dataFim:41319.645394456
descricao:Tensión alta
