id:7
dataInicio:41319.6461473727
dataFim:41319.6461473727
descricao:Tensión baja
