id:7
dataInicio:41319.6460220718
dataFim:41319.6460220718
descricao:Tensión baja
