id:7
dataInicio:41319.6464620833
dataFim:41319.6464620833
descricao:Tensión baja
