id:7
dataInicio:41319.6462741204
dataFim:41319.6463367824
descricao:Tensión baja
