id:7
dataInicio:41319.6468385417
dataFim:41319.6468385417
descricao:Tensión baja
