id:7
dataInicio:41319.6467130556
dataFim:41319.6467130556
descricao:Tensión baja
