id:7
dataInicio:41319.6471527083
dataFim:41319.6471527083
descricao:Tensión baja
