id:7
dataInicio:41319.6469645718
dataFim:41319.6470272222
descricao:Tensión baja
