id:7
dataInicio:41319.6465875694
dataFim:41319.6465875694
descricao:Tensión baja
