id:7
dataInicio:41319.6474044097
dataFim:41319.6474044097
descricao:Tensión baja
