id:7
dataInicio:41319.6472785532
dataFim:41319.6472785532
descricao:Tensión baja
