id:7
dataInicio:41319.6479072569
dataFim:41319.6479072569
descricao:Tensión baja
