id:7
dataInicio:41319.6475300694
dataFim:41319.6475300694
descricao:Tensión baja
