id:7
dataInicio:41319.6476555556
dataFim:41319.6476555556
descricao:Tensión baja
