id:7
dataInicio:41319.6483463657
dataFim:41319.6483463657
descricao:Tensión baja
