id:7
dataInicio:41319.6485361227
dataFim:41319.6485361227
descricao:Tensión baja
