id:7
dataInicio:41319.6482208796
dataFim:41319.6482208796
descricao:Tensión baja
