id:7
dataInicio:41319.6491633796
dataFim:41319.6491633796
descricao:Tensión baja
