id:7
dataInicio:41319.6489750579
dataFim:41319.6489750579
descricao:Tensión baja
