id:7
dataInicio:41319.6486614352
dataFim:41319.6486614352
descricao:Tensión baja
