id:7
dataInicio:41319.6492894097
dataFim:41319.6492894097
descricao:Tensión baja
