id:7
dataInicio:41319.6488497569
dataFim:41319.6488497569
descricao:Tensión baja
