id:7
dataInicio:41319.6496030324
dataFim:41319.6543119329
descricao:Tensión baja
