id:7
dataInicio:41319.6494777315
dataFim:41319.6494777315
descricao:Tensión baja
