id:7
dataInicio:41319.6555046875
dataFim:41319.6555046875
descricao:Tensión baja
