id:7
dataInicio:41319.6553167245
dataFim:41319.655379375
descricao:Tensión baja
