id:7
dataInicio:41319.6561954861
dataFim:41319.6561954861
descricao:Tensión baja
