id:7
dataInicio:41319.6556303472
dataFim:41319.6556303472
descricao:Tensión baja
