id:7
dataInicio:41319.6558815046
dataFim:41319.6558815046
descricao:Tensión baja
