id:7
dataInicio:41319.6560073495
dataFim:41319.6560701852
descricao:Tensión baja
