id:7
dataInicio:41319.6557558333
dataFim:41319.6557558333
descricao:Tensión baja
