id:7
dataInicio:41319.6566347801
dataFim:41319.6566347801
descricao:Tensión baja
