id:7
dataInicio:41319.6567608102
dataFim:41319.6567608102
descricao:Tensión baja
