id:7
dataInicio:41319.6563209722
dataFim:41319.6563209722
descricao:Tensión baja
