id:7
dataInicio:41319.6564464583
dataFim:41319.6564464583
descricao:Tensión baja
