id:7
dataInicio:41319.657199919
dataFim:41319.6572627546
descricao:Tensión baja
