id:7
dataInicio:41319.6569491319
dataFim:41319.6569491319
descricao:Tensión baja
