id:7
dataInicio:41319.6575769213
dataFim:41319.6575769213
descricao:Tensión baja
