id:7
dataInicio:41319.6570744329
dataFim:41319.6570744329
descricao:Tensión baja
