id:7
dataInicio:41319.6573880556
dataFim:41319.6573880556
descricao:Tensión baja
