id:7
dataInicio:41319.6581413426
dataFim:41319.6582041782
descricao:Tensión baja
