id:7
dataInicio:41319.6583301968
dataFim:41319.6583301968
descricao:Tensión baja
