id:7
dataInicio:41319.6577022222
dataFim:41319.6577022222
descricao:Tensión baja
