id:7
dataInicio:41319.6580160301
dataFim:41319.6580160301
descricao:Tensión baja
