id:7
dataInicio:41319.6588953356
dataFim:41319.6588953356
descricao:Tensión baja
