id:7
dataInicio:41319.6585813542
dataFim:41319.6585813542
descricao:Tensión baja
