id:7
dataInicio:41319.6590213657
dataFim:41319.6590213657
descricao:Tensión baja
