id:7
dataInicio:41319.6584556829
dataFim:41319.6584556829
descricao:Tensión baja
