id:7
dataInicio:41319.6587068403
dataFim:41319.6587068403
descricao:Tensión baja
