id:7
dataInicio:41319.6592098727
dataFim:41319.6592098727
descricao:Tensión baja
