id:7
dataInicio:41319.6596493403
dataFim:41319.6596493403
descricao:Tensión baja
