id:7
dataInicio:41319.6595238542
dataFim:41319.6595238542
descricao:Tensión baja
