id:7
dataInicio:41319.6593351736
dataFim:41319.6593351736
descricao:Tensión baja
