id:7
dataInicio:41319.6601520139
dataFim:41319.660214838
descricao:Tensión baja
