id:7
dataInicio:41319.6603401505
dataFim:41319.6644216088
descricao:Tensión baja
