id:7
dataInicio:41319.6600265278
dataFim:41319.6600265278
descricao:Tensión baja
