id:7
dataInicio:41319.659838206
dataFim:41319.659838206
descricao:Tensión baja
