id:7
dataInicio:41319.6645469213
dataFim:41319.6645469213
descricao:Tensión baja
