id:7
dataInicio:41319.6650495833
dataFim:41319.6650495833
descricao:Tensión baja
