id:7
dataInicio:41319.6648607292
dataFim:41319.6649235648
descricao:Tensión baja
