id:7
dataInicio:41319.6647354167
dataFim:41319.6647354167
descricao:Tensión baja
