id:7
dataInicio:41319.6652380903
dataFim:41319.6652380903
descricao:Tensión baja
