id:7
dataInicio:41319.6656775579
dataFim:41319.6656775579
descricao:Tensión baja
