id:7
dataInicio:41319.6655520718
dataFim:41319.6655520718
descricao:Tensión baja
