id:7
dataInicio:41319.6658664236
dataFim:41319.6658664236
descricao:Tensión baja
