id:7
dataInicio:41319.6653633912
dataFim:41319.6653633912
descricao:Tensión baja
