id:7
dataInicio:41319.6664310185
dataFim:41319.6664310185
descricao:Tensión baja
