id:7
dataInicio:41319.6665570486
dataFim:41319.6665570486
descricao:Tensión baja
