id:7
dataInicio:41319.6659917245
dataFim:41319.6660545602
descricao:Tensión baja
