id:7
dataInicio:41319.6661800463
dataFim:41319.6663057176
descricao:Tensión baja
