id:7
dataInicio:41319.6669967014
dataFim:41319.6669967014
descricao:Tensión baja
