id:7
dataInicio:41319.6666828935
dataFim:41319.6666828935
descricao:Tensión baja
