id:7
dataInicio:41319.6671220023
dataFim:41319.6671220023
descricao:Tensión baja
