id:7
dataInicio:41319.6672478588
dataFim:41319.6672478588
descricao:Tensión baja
