id:7
dataInicio:41319.666808206
dataFim:41319.666808206
descricao:Tensión baja
