id:7
dataInicio:41319.6679382986
dataFim:41319.6679382986
descricao:Tensión baja
