id:7
dataInicio:41319.667750162
dataFim:41319.6678129977
descricao:Tensión baja
