id:7
dataInicio:41319.6676248611
dataFim:41319.6676248611
descricao:Tensión baja
