id:7
dataInicio:41319.6674365393
dataFim:41319.6674365393
descricao:Tensión baja
