id:4
dataInicio:41323.4593864005
dataFim:41323.4594510417
descricao:Humedad ambiente alta
