id:4
dataInicio:41323.5027029861
dataFim:41323.5027029861
descricao:Humedad ambiente alta
