id:4
dataInicio:41323.5025728704
dataFim:41323.5025728704
descricao:Humedad ambiente alta
