id:4
dataInicio:41323.5079387847
dataFim:41323.5079387847
descricao:Humedad ambiente alta
