id:4
dataInicio:41323.5205145255
dataFim:41323.5205785648
descricao:Humedad ambiente alta
