id:4
dataInicio:41323.5227510069
dataFim:41323.5241002662
descricao:Humedad ambiente alta
