id:3
dataInicio:41325.5423981713
dataFim:41325.5439652199
descricao:Humedad ambiente baja
