id:3
dataInicio:41325.5454786458
dataFim:41325.5455438194
descricao:Humedad ambiente baja
