id:7
dataInicio:41325.4394863079
dataFim:41325.4394863079
descricao:Tensión baja
