id:7
dataInicio:41325.4393600926
dataFim:41325.4393600926
descricao:Tensión baja
