id:7
dataInicio:41325.4397379977
dataFim:41325.4397379977
descricao:Tensión baja
