id:7
dataInicio:41325.4400579514
dataFim:41325.4400579514
descricao:Tensión baja
