id:7
dataInicio:41325.439612338
dataFim:41325.439612338
descricao:Tensión baja
