id:7
dataInicio:41325.4404354861
dataFim:41325.4404983218
descricao:Tensión baja
