id:7
dataInicio:41325.4407518287
dataFim:41325.4407518287
descricao:Tensión baja
