id:7
dataInicio:41325.4408774884
dataFim:41325.4408774884
descricao:Tensión baja
