id:7
dataInicio:41325.4406257986
dataFim:41325.4406257986
descricao:Tensión baja
