id:7
dataInicio:41325.44031
dataFim:41325.44031
descricao:Tensión baja
