id:7
dataInicio:41325.4415724537
dataFim:41325.4415724537
descricao:Tensión baja
