id:7
dataInicio:41325.4413211111
dataFim:41325.4413211111
descricao:Tensión baja
