id:7
dataInicio:41325.4411952662
dataFim:41325.4411952662
descricao:Tensión baja
