id:7
dataInicio:41325.4414469676
dataFim:41325.4414469676
descricao:Tensión baja
