id:7
dataInicio:41325.4410051389
dataFim:41325.4410051389
descricao:Tensión baja
