id:7
dataInicio:41325.4418940162
dataFim:41325.4418940162
descricao:Tensión baja
