id:7
dataInicio:41325.4420207639
dataFim:41325.4420207639
descricao:Tensión baja
