id:7
dataInicio:41325.4422722801
dataFim:41325.4422722801
descricao:Tensión baja
