id:7
dataInicio:41325.4416990162
dataFim:41325.4416990162
descricao:Tensión baja
