id:7
dataInicio:41325.4421462616
dataFim:41325.4421462616
descricao:Tensión baja
