id:7
dataInicio:41325.4423979514
dataFim:41325.442460787
descricao:Tensión baja
