id:7
dataInicio:41325.4428388657
dataFim:41325.4428388657
descricao:Tensión baja
