id:7
dataInicio:41325.4429652546
dataFim:41325.4429652546
descricao:Tensión baja
