id:7
dataInicio:41325.4425862732
dataFim:41325.4425862732
descricao:Tensión baja
