id:7
dataInicio:41325.4436566088
dataFim:41325.4436566088
descricao:Tensión baja
