id:7
dataInicio:41325.4432792477
dataFim:41325.4432792477
descricao:Tensión baja
