id:7
dataInicio:41325.4431533912
dataFim:41325.4431533912
descricao:Tensión baja
