id:7
dataInicio:41325.4435309375
dataFim:41325.4435309375
descricao:Tensión baja
