id:7
dataInicio:41325.4440975231
dataFim:41325.4440975231
descricao:Tensión baja
