id:7
dataInicio:41325.4438452894
dataFim:41325.4438452894
descricao:Tensión baja
