id:7
dataInicio:41325.4439711343
dataFim:41325.4439711343
descricao:Tensión baja
