id:7
dataInicio:41325.4447892361
dataFim:41325.4447892361
descricao:Tensión baja
