id:7
dataInicio:41325.4450432755
dataFim:41325.4451061111
descricao:Tensión baja
