id:7
dataInicio:41325.4446635648
dataFim:41325.4446635648
descricao:Tensión baja
