id:7
dataInicio:41325.4445378935
dataFim:41325.4445378935
descricao:Tensión baja
