id:7
dataInicio:41325.4453574421
dataFim:41325.4453574421
descricao:Tensión baja
