id:7
dataInicio:41325.445735706
dataFim:41325.4458084722
descricao:Tensión baja
