id:7
dataInicio:41325.4454840162
dataFim:41325.4454840162
descricao:Tensión baja
