id:7
dataInicio:41325.4452315972
dataFim:41325.4452315972
descricao:Tensión baja
