id:7
dataInicio:41325.4459345023
dataFim:41325.4459345023
descricao:Tensión baja
