id:7
dataInicio:41325.4461876389
dataFim:41325.4461876389
descricao:Tensión baja
