id:7
dataInicio:41325.4463134838
dataFim:41325.4463763194
descricao:Tensión baja
