id:7
dataInicio:41325.4476347917
dataFim:41325.4476347917
descricao:Tensión baja
