id:7
dataInicio:41325.4525982755
dataFim:41325.4525982755
descricao:Tensión baja
