id:7
dataInicio:41325.4520956019
dataFim:41325.4522216319
descricao:Tensión baja
