id:7
dataInicio:41325.4532919676
dataFim:41325.4534176389
descricao:Tensión baja
