id:7
dataInicio:41325.4544930324
dataFim:41325.4545558565
descricao:Tensión baja
