id:7
dataInicio:41325.4547447222
dataFim:41325.4554364352
descricao:Tensión baja
