id:7
dataInicio:41325.4556256597
dataFim:41325.4562693403
descricao:Tensión baja
