id:7
dataInicio:41325.456395544
dataFim:41325.456395544
descricao:Tensión baja
