id:7
dataInicio:41325.4646368403
dataFim:41325.4646368403
descricao:Tensión baja
