id:7
dataInicio:41325.4657683796
dataFim:41325.4670882407
descricao:Tensión baja
