id:7
dataInicio:41325.467339213
dataFim:41325.4728086111
descricao:Tensión baja
