id:7
dataInicio:41325.4731231481
dataFim:41325.4790923148
descricao:Tensión baja
