id:7
dataInicio:41325.4729344676
dataFim:41325.4729344676
descricao:Tensión baja
