id:7
dataInicio:41325.4795319792
dataFim:41325.4801601273
descricao:Tensión baja
