id:7
dataInicio:41325.479280463
dataFim:41325.479280463
descricao:Tensión baja
