id:7
dataInicio:41325.4802859722
dataFim:41325.4802859722
descricao:Tensión baja
