id:7
dataInicio:41325.4806626157
dataFim:41325.4807252662
descricao:Tensión baja
