id:7
dataInicio:41325.4822338079
dataFim:41325.4822338079
descricao:Tensión baja
