id:7
dataInicio:41325.4823596644
dataFim:41325.4823596644
descricao:Tensión baja
