id:7
dataInicio:41325.4824858681
dataFim:41325.4824858681
descricao:Tensión baja
