id:7
dataInicio:41325.4833648148
dataFim:41325.4833648148
descricao:Tensión baja
