id:7
dataInicio:41325.4841821875
dataFim:41325.4841821875
descricao:Tensión baja
