id:7
dataInicio:41325.4844970833
dataFim:41325.4851254167
descricao:Tensión baja
