id:7
dataInicio:41325.4854393982
dataFim:41325.4871346412
descricao:Tensión baja
