id:7
dataInicio:41325.4874486227
dataFim:41325.4877622569
descricao:Tensión baja
