id:7
dataInicio:41325.4880141319
dataFim:41325.490840544
descricao:Tensión baja
