id:7
dataInicio:41325.4912177315
dataFim:41325.4914060532
descricao:Tensión baja
