id:7
dataInicio:41325.4922221644
dataFim:41325.4927260995
descricao:Tensión baja
