id:7
dataInicio:41325.4950039815
dataFim:41325.4951939352
descricao:Tensión baja
