id:7
dataInicio:41325.4953827894
dataFim:41325.4955093634
descricao:Tensión baja
