id:7
dataInicio:41325.4962707639
dataFim:41325.4962707639
descricao:Tensión baja
