id:7
dataInicio:41325.5002964352
dataFim:41325.5002964352
descricao:Tensión baja
