id:7
dataInicio:41325.5012425579
dataFim:41325.5012425579
descricao:Tensión baja
