id:7
dataInicio:41325.5011168866
dataFim:41325.5011168866
descricao:Tensión baja
