id:7
dataInicio:41325.5007368171
dataFim:41325.5007368171
descricao:Tensión baja
