id:7
dataInicio:41325.5008623032
dataFim:41325.5008623032
descricao:Tensión baja
