id:7
dataInicio:41325.5027500116
dataFim:41325.5027500116
descricao:Tensión baja
