id:7
dataInicio:41325.502560787
dataFim:41325.502560787
descricao:Tensión baja
