id:7
dataInicio:41325.5029385185
dataFim:41325.5029385185
descricao:Tensión baja
