id:7
dataInicio:41325.5045080903
dataFim:41325.5045080903
descricao:Tensión baja
