id:7
dataInicio:41325.5053236574
dataFim:41325.5060850579
descricao:Tensión baja
