id:7
dataInicio:41325.5049471991
dataFim:41325.5049471991
descricao:Tensión baja
