id:7
dataInicio:41325.5082277199
dataFim:41325.5085418866
descricao:Tensión baja
