id:7
dataInicio:41325.5101735648
dataFim:41325.5101735648
descricao:Tensión baja
