id:7
dataInicio:41325.5109889583
dataFim:41325.5109889583
descricao:Tensión baja
