id:7
dataInicio:41325.5113029514
dataFim:41325.5114284375
descricao:Tensión baja
