id:7
dataInicio:41325.5116187384
dataFim:41325.5116815741
descricao:Tensión baja
