id:7
dataInicio:41325.5121217708
dataFim:41325.5124987731
descricao:Tensión baja
