id:5
dataInicio:41319.3491432292
dataFim:41319.3493974537
descricao:Humedad ambiente alta
