id:5
dataInicio:41319.3486896759
dataFim:41319.3486896759
descricao:Humedad ambiente alta
