id:3
dataInicio:41318.6649625
dataFim:41318.7798763773
descricao:Temperatura ambiente alta
