id:3
dataInicio:41318.7101063426
dataFim:41318.7422943982
descricao:Humedad ambiente alta
