id:3
dataInicio:41318.7426708565
dataFim:41318.7766140972
descricao:Humedad ambiente alta
