id:3
dataInicio:41318.7783707176
dataFim:41318.7784333796
descricao:Humedad ambiente alta
