id:3
dataInicio:41318.7780567361
dataFim:41318.7780567361
descricao:Humedad ambiente alta
