id:3
dataInicio:41318.778621875
dataFim:41318.7786845255
descricao:Humedad ambiente alta
