id:3
dataInicio:41318.7793746065
dataFim:41318.7805666435
descricao:Humedad ambiente alta
