id:3
dataInicio:41318.7806923032
dataFim:41318.9999324537
descricao:Humedad ambiente alta
