id:4
dataInicio:41325.5115538194
dataFim:41325.5115538194
descricao:Temperatura del bulbo seco alta
