id:4
dataInicio:41325.5133138773
dataFim:41325.5382683218
descricao:Temperatura del bulbo seco alta
