id:4
dataInicio:41325.5306979745
dataFim:41325.5307631597
descricao:Humedad ambiente alta
