id:4
dataInicio:41325.5333711111
dataFim:41325.5379377199
descricao:Humedad ambiente alta
