id:4
dataInicio:41325.5397147569
dataFim:41325.5467297107
descricao:Humedad ambiente alta
