id:4
dataInicio:41325.5484973495
dataFim:41325.5488223495
descricao:Humedad ambiente alta
