id:4
dataInicio:41325.5496079514
dataFim:41325.5496079514
descricao:Humedad ambiente alta
