id:4
dataInicio:41324.5991125579
dataFim:41324.5996287731
descricao:Humedad ambiente alta
