id:4
dataInicio:41324.620983831
dataFim:41324.621048287
descricao:Humedad ambiente alta
