id:5
dataInicio:41323.3566977546
dataFim:41323.4588656829
descricao:Humedad ambiente alta
