id:5
dataInicio:41323.5249358333
dataFim:41323.5353079051
descricao:Temperatura ambiente alta
