id:4
dataInicio:41318.6234556019
dataFim:41318.6661534606
descricao:Humedad ambiente alta
