id:4
dataInicio:41318.6531864815
dataFim:41318.6953944792
descricao:Temperatura del bulbo seco alta
