id:4
dataInicio:41318.666286713
dataFim:41318.6822859491
descricao:Humedad ambiente alta
