id:4
dataInicio:41318.6857244444
dataFim:41318.6858558912
descricao:Humedad ambiente alta
