id:4
dataInicio:41318.6865651157
dataFim:41318.6868903009
descricao:Humedad ambiente alta
