id:4
dataInicio:41318.687343669
dataFim:41319.3230642824
descricao:Humedad ambiente alta
