id:4
dataInicio:41318.6959150231
dataFim:41318.696236412
descricao:Temperatura del bulbo seco alta
