id:4
dataInicio:41318.8552409491
dataFim:41318.8554283681
descricao:Temperatura del bulbo húmedo mayor que la del bulbo seco
