id:4
dataInicio:41318.8959035764
dataFim:41318.8970177893
descricao:Temperatura del bulbo húmedo mayor que la del bulbo seco
