id:4
dataInicio:41318.9006057986
dataFim:41318.9020897801
descricao:Temperatura del bulbo húmedo mayor que la del bulbo seco
