id:4
dataInicio:41318.9052453588
dataFim:41318.9064812616
descricao:Temperatura del bulbo húmedo mayor que la del bulbo seco
