id:4
dataInicio:41318.9256653241
dataFim:41318.9293152662
descricao:Temperatura del bulbo húmedo mayor que la del bulbo seco
