id:4
dataInicio:41318.9311708333
dataFim:41318.9311708333
descricao:Temperatura del bulbo húmedo mayor que la del bulbo seco
