id:4
dataInicio:41318.9543886921
dataFim:41318.9547592014
descricao:Temperatura del bulbo húmedo mayor que la del bulbo seco
