id:4
dataInicio:41318.9555666435
dataFim:41318.9559997917
descricao:Temperatura del bulbo húmedo mayor que la del bulbo seco
