id:4
dataInicio:41318.9589114352
dataFim:41318.9594682755
descricao:Temperatura del bulbo húmedo mayor que la del bulbo seco
