id:4
dataInicio:41318.9600274537
dataFim:41318.9603979514
descricao:Temperatura del bulbo húmedo mayor que la del bulbo seco
