id:4
dataInicio:41318.9691287384
dataFim:41318.9694374884
descricao:Temperatura del bulbo húmedo mayor que la del bulbo seco
