id:4
dataInicio:41318.9703061458
dataFim:41318.9714187269
descricao:Temperatura del bulbo húmedo mayor que la del bulbo seco
