id:4
dataInicio:41318.9727180093
dataFim:41318.9735225579
descricao:Temperatura del bulbo húmedo mayor que la del bulbo seco
