id:4
dataInicio:41318.9782879745
dataFim:41318.9789708333
descricao:Temperatura del bulbo húmedo mayor que la del bulbo seco
