id:4
dataInicio:41318.9799613657
dataFim:41318.9821275
descricao:Temperatura del bulbo húmedo mayor que la del bulbo seco
