id:4
dataInicio:41318.9824389583
dataFim:41318.9841090972
descricao:Temperatura del bulbo húmedo mayor que la del bulbo seco
