id:4
dataInicio:41318.9860318287
dataFim:41318.9877034259
descricao:Temperatura del bulbo húmedo mayor que la del bulbo seco
