id:4
dataInicio:41318.9878294444
dataFim:41318.9896239931
descricao:Temperatura del bulbo húmedo mayor que la del bulbo seco
