id:4
dataInicio:41318.9905571065
dataFim:41318.9906188542
descricao:Temperatura del bulbo húmedo mayor que la del bulbo seco
