id:4
dataInicio:41318.9911179167
dataFim:41318.9916749306
descricao:Temperatura del bulbo húmedo mayor que la del bulbo seco
