id:4
dataInicio:41318.9922333912
dataFim:41318.9926046065
descricao:Temperatura del bulbo húmedo mayor que la del bulbo seco
