id:4
dataInicio:41318.99353375
dataFim:41318.9937190046
descricao:Temperatura del bulbo húmedo mayor que la del bulbo seco
