id:4
dataInicio:41318.9973770602
dataFim:41318.9979339005
descricao:Temperatura del bulbo húmedo mayor que la del bulbo seco
