id:4
dataInicio:41318.9981214931
dataFim:41318.9981214931
descricao:Temperatura del bulbo húmedo mayor que la del bulbo seco
