id:4
dataInicio:41318.9986817593
dataFim:41318.9989905093
descricao:Temperatura del bulbo húmedo mayor que la del bulbo seco
