id:4
dataInicio:41319.0015926852
dataFim:41319.0016544329
descricao:Temperatura del bulbo húmedo mayor que la del bulbo seco
