id:4
dataInicio:41319.0393806829
dataFim:41319.1971253009
descricao:Temperatura del bulbo húmedo alta
