id:4
dataInicio:41319.056143125
dataFim:41319.0565136227
descricao:Temperatura del bulbo húmedo mayor que la del bulbo seco
