id:4
dataInicio:41319.0630734028
dataFim:41319.0633204051
descricao:Temperatura del bulbo húmedo mayor que la del bulbo seco
