id:4
dataInicio:41319.0638178356
dataFim:41319.063941331
descricao:Temperatura del bulbo húmedo mayor que la del bulbo seco
