id:4
dataInicio:41319.0647482407
dataFim:41319.0659863079
descricao:Temperatura del bulbo húmedo mayor que la del bulbo seco
