id:4
dataInicio:41319.0786035532
dataFim:41319.0796542014
descricao:Temperatura del bulbo húmedo mayor que la del bulbo seco
