id:4
dataInicio:41319.1698261574
dataFim:41319.1699500116
descricao:Temperatura del bulbo húmedo mayor que la del bulbo seco
