id:4
dataInicio:41319.2372361458
dataFim:41319.2483787963
descricao:Temperatura del bulbo seco baja
