id:4
dataInicio:41319.2664656134
dataFim:41319.2686929514
descricao:Temperatura del bulbo seco baja
