id:4
dataInicio:41319.2961475579
dataFim:41319.3856294213
descricao:Temperatura del bulbo húmedo alta
