id:4
dataInicio:41319.3235848264
dataFim:41319.3240921875
descricao:Humedad ambiente alta
