id:4
dataInicio:41319.3242230903
dataFim:41319.3245406829
descricao:Humedad ambiente alta
