id:4
dataInicio:41319.3247337037
dataFim:41319.3258130671
descricao:Humedad ambiente alta
