id:4
dataInicio:41319.3264565625
dataFim:41319.3267154861
descricao:Humedad ambiente alta
