id:2
dataInicio:41318.6953583565
dataFim:41318.6964254398
descricao:Humedad ambiente alta
