id:2
dataInicio:41318.6967387037
dataFim:41318.6967387037
descricao:Humedad ambiente alta
