id:2
dataInicio:41318.697805787
dataFim:41318.6978689815
descricao:Humedad ambiente alta
