id:2
dataInicio:41318.7060273958
dataFim:41318.9999322685
descricao:Humedad ambiente alta
