id:3
dataInicio:41319.3838639468
dataFim:41319.3841194329
descricao:Humedad ambiente baja
