id:3
dataInicio:41319.3843156944
dataFim:41319.3843796065
descricao:Humedad ambiente baja
