id:2
dataInicio:41318.6591502315
dataFim:41318.6592157755
descricao:Humedad ambiente baja
