id:2
dataInicio:41318.713565625
dataFim:41319.3448431134
descricao:Humedad ambiente alta
