id:3
dataInicio:41324.533397037
dataFim:41324.5335261806
descricao:Humedad ambiente baja
