id:3
dataInicio:41324.5351897454
dataFim:41324.5365323495
descricao:Humedad ambiente baja
