id:3
dataInicio:41324.5866827315
dataFim:41324.5874578588
descricao:Humedad ambiente baja
