id:3
dataInicio:41324.5876517708
dataFim:41324.624947037
descricao:Humedad ambiente baja
