id:3
dataInicio:41324.6664613426
dataFim:41324.6665257986
descricao:Humedad ambiente baja
