id:4
dataInicio:41318.3101377199
dataFim:41319.0110637384
descricao:Temperatura del bulbo húmedo alta
