id:2
dataInicio:41325.4912172685
dataFim:41325.5078211806
descricao:Temperatura ambiente alta
