id:2
dataInicio:41325.6251176852
dataFim:41325.6254360069
descricao:Humedad ambiente alta
