id:1
dataInicio:41328.4609943634
dataFim:41328.4911926042
descricao:Humedad ambiente baja
