id:1
dataInicio:41328.4732391204
dataFim:41328.4872646065
descricao:Temperatura ambiente alta
