id:1
dataInicio:41328.4930162153
dataFim:41328.493546331
descricao:Humedad ambiente baja
