id:1
dataInicio:41328.4926776736
dataFim:41328.4926863426
descricao:Humedad ambiente baja
