id:1
dataInicio:41328.4939020255
dataFim:41328.4982534143
descricao:Humedad ambiente baja
