id:1
dataInicio:41328.4996953356
dataFim:41328.4997213426
descricao:Humedad ambiente baja
