id:1
dataInicio:41328.5000423727
dataFim:41328.5013882292
descricao:Humedad ambiente baja
