id:1
dataInicio:41328.5024054861
dataFim:41328.503247419
descricao:Humedad ambiente baja
