id:1
dataInicio:41328.5034384375
dataFim:41328.5035251042
descricao:Humedad ambiente baja
