id:1
dataInicio:41328.5036034722
dataFim:41328.5048888426
descricao:Humedad ambiente baja
