id:1
dataInicio:41328.5050020602
dataFim:41328.5055493171
descricao:Humedad ambiente baja
