id:1
dataInicio:41328.521900463
dataFim:41328.5271010069
descricao:Humedad ambiente baja
