id:3
dataInicio:41319.6656147222
dataFim:41319.6659290741
descricao:Humedad ambiente alta
