id:3
dataInicio:41318.7194396528
dataFim:41318.7202788657
descricao:Humedad ambiente alta
