id:3
dataInicio:41318.7208589931
dataFim:41318.7209227315
descricao:Humedad ambiente alta
