id:3
dataInicio:41318.7211793056
dataFim:41318.7214355093
descricao:Humedad ambiente alta
