id:3
dataInicio:41318.7352195139
dataFim:41318.7355329514
descricao:Humedad ambiente alta
