id:3
dataInicio:41318.7349011921
dataFim:41318.7349011921
descricao:Humedad ambiente alta
