id:3
dataInicio:41318.7358536227
dataFim:41318.740805
descricao:Humedad ambiente alta
