id:3
dataInicio:41318.760056412
dataFim:41318.7735522454
descricao:Humedad ambiente alta
