id:3
dataInicio:41318.7790357292
dataFim:41318.7794844097
descricao:Humedad ambiente alta
