id:3
dataInicio:41318.7796765162
dataFim:41318.780440625
descricao:Humedad ambiente alta
