id:3
dataInicio:41318.7806988194
dataFim:41318.7809548495
descricao:Humedad ambiente alta
