id:3
dataInicio:41318.7814706944
dataFim:41318.7819858218
descricao:Humedad ambiente alta
