id:3
dataInicio:41318.7822463657
dataFim:41318.7833939815
descricao:Humedad ambiente alta
