id:3
dataInicio:41318.7840986921
dataFim:41318.784227963
descricao:Humedad ambiente alta
