id:3
dataInicio:41318.7847389468
dataFim:41318.7855722106
descricao:Humedad ambiente alta
