id:3
dataInicio:41318.7857025694
dataFim:41319.3302489583
descricao:Humedad ambiente alta
