id:3
dataInicio:41319.331210787
dataFim:41319.3319171181
descricao:Humedad ambiente alta
