id:1
dataInicio:41325.5227653241
dataFim:41325.5375971759
descricao:Falla de comunicación
