id:1
dataInicio:41325.5381754977
dataFim:41325.53826
descricao:Humedad ambiente alta
