id:1
dataInicio:41325.5376047569
dataFim:41325.5692325579
descricao:Temperatura ambiente alta
