id:1
dataInicio:41325.538302963
dataFim:41325.5387113889
descricao:Humedad ambiente alta
