id:1
dataInicio:41325.5389511574
dataFim:41325.5391416435
descricao:Humedad ambiente alta
