id:1
dataInicio:41325.5393250926
dataFim:41325.5395997222
descricao:Humedad ambiente alta
