id:1
dataInicio:41325.5682940278
dataFim:41325.5714120486
descricao:Humedad ambiente alta
