id:1
dataInicio:41325.5714277546
dataFim:41325.5722962268
descricao:Humedad ambiente alta
