id:1
dataInicio:41325.5852698264
dataFim:41325.5882509838
descricao:Humedad ambiente alta
