id:1
dataInicio:41325.6667713542
dataFim:41325.6687079977
descricao:Humedad ambiente baja
