id:1
dataInicio:41325.6688302315
dataFim:41325.6689082407
descricao:Humedad ambiente baja
