id:1
dataInicio:41325.668751875
dataFim:41325.668769213
descricao:Humedad ambiente baja
