id:1
dataInicio:41325.6766098495
dataFim:41325.6814032407
descricao:Humedad ambiente baja
