id:1
dataInicio:41325.6782763773
dataFim:41325.6796049074
descricao:Temperatura ambiente alta
