id:1
dataInicio:41325.6859357407
dataFim:41325.6894955787
descricao:Humedad ambiente baja
