id:1
dataInicio:41325.7624320255
dataFim:41325.7636825579
descricao:Humedad ambiente alta
