id:1
dataInicio:41325.7645338773
dataFim:41325.7646046528
descricao:Humedad ambiente alta
