id:1
dataInicio:41325.7648131944
dataFim:41325.7648738657
descricao:Humedad ambiente alta
