id:1
dataInicio:41325.7661856019
dataFim:41325.7662809375
descricao:Humedad ambiente alta
