id:1
dataInicio:41325.7667942593
dataFim:41325.767437037
descricao:Humedad ambiente alta
