id:1
dataInicio:41325.768740463
dataFim:41325.9999859606
descricao:Humedad ambiente alta
