id:1
dataInicio:41326.0000045602
dataFim:41326.3266301273
descricao:Humedad ambiente alta
