id:1
dataInicio:41326.3271519329
dataFim:41326.3274552662
descricao:Humedad ambiente alta
