id:1
dataInicio:41326.3286716782
dataFim:41326.3287063426
descricao:Humedad ambiente alta
