id:1
dataInicio:41326.3325379167
dataFim:41326.3332673611
descricao:Humedad ambiente alta
