id:1
dataInicio:41318.6944795833
dataFim:41318.6946047106
descricao:Humedad ambiente alta
