id:1
dataInicio:41318.6949188773
dataFim:41318.6949188773
descricao:Humedad ambiente alta
