id:1
dataInicio:41318.6952328704
dataFim:41318.6967387037
descricao:Humedad ambiente alta
