id:1
dataInicio:41318.6978689815
dataFim:41318.6979946528
descricao:Humedad ambiente alta
