id:1
dataInicio:41318.7051482755
dataFim:41318.7052109259
descricao:Humedad ambiente alta
