id:1
dataInicio:41318.7059642014
dataFim:41318.9999322685
descricao:Humedad ambiente alta
